a = 2.5916929748795874
b = 4.892108483492075
c = -130.27325553125849
