samll_mean = [ 0.51711061 13.11648964]
samll_cov = [[ 1.89846016e-02 -3.99376190e-01]
 [-3.99376190e-01  2.28757065e+01]]
large_mean = [ 0.57859952 50.6553663 ]
large_cov = [[ 1.74309042e-02 -1.53818603e+00]
 [-1.53818603e+00  3.66049308e+02]]
